{
  "ports": [
    {
      "name": "clk",
      "wire": "2",
      "direction": "input"
    },
    {
      "name": "a",
      "wire": "3,4,5,6,7,8,9,10,11,12,13,14,15,16,17,18",
      "direction": "input"
    },
    {
      "name": "b",
      "wire": "19,20,21,22,23,24,25,26,27,28,29,30,31,32,33,34",
      "direction": "input"
    },
    {
      "name": "c",
      "wire": "35,36,37,38,39,40,41,42,43,44,45,46,47,48,49,50,51,52,53,54,55,56,57,58,59,60,61,62,63,64,65,66",
      "direction": "input"
    },
    {
      "name": "out",
      "wire": "67,68,69,70,71,72,73,74,75,76,77,78,79,80,81,82,83,84,85,86,87,88,89,90,91,92,93,94,95,96,97,98",
      "direction": "output"
    }
  ],
  "ay_cells": [],
  "aby_cells": [
    {
      "type": "$mulu",
      "a": "163,164,165,166,167,168,169,170,171,172,173,174,175,176,177,178",
      "b": "179,180,181,182,183,184,185,186,187,188,189,190,191,192,193,194",
      "y": "131,132,133,134,135,136,137,138,139,140,141,142,143,144,145,146,147,148,149,150,151,152,153,154,155,156,157,158,159,160,161,162"
    },
    {
      "type": "$mulu",
      "a": "3,4,5,6,7,8,9,10,11,12,13,14,15,16,17,18",
      "b": "19,20,21,22,23,24,25,26,27,28,29,30,31,32,33,34",
      "y": "1001,1002,1003,1004,1005,1006,1007,1008,1009,1010,1011,1012,1013,1014,1015,1016,1017,1018,1019,1020,1021,1022,1023,1024,1025,1026,1027,1028,1029,1030,1031,1032"
    },
    {
      "type": "$addu",
      "a": "35,36,37,38,39,40,41,42,43,44,45,46,47,48,49,50,51,52,53,54,55,56,57,58,59,60,61,62,63,64,65,66",
      "b": "1001,1002,1003,1004,1005,1006,1007,1008,1009,1010,1011,1012,1013,1014,1015,1016,1017,1018,1019,1020,1021,1022,1023,1024,1025,1026,1027,1028,1029,1030,1031,1032",
      "y": "1033,1034,1035,1036,1037,1038,1039,1040,1041,1042,1043,1044,1045,1046,1047,1048,1049,1050,1051,1052,1053,1054,1055,1056,1057,1058,1059,1060,1061,1062,1063,1064"
    },
    {
      "type": "$addu",
      "a": "1001,1002,1003,1004,1005,1006,1007,1008,1009,1010,1011,1012,1013,1014,1015,1016,1017,1018,1019,1020,1021,1022,1023,1024,1025,1026,1027,1028,1029,1030,1031,1032",
      "b": "35,36,37,38,39,40,41,42,43,44,45,46,47,48,49,50,51,52,53,54,55,56,57,58,59,60,61,62,63,64,65,66",
      "y": "1033,1034,1035,1036,1037,1038,1039,1040,1041,1042,1043,1044,1045,1046,1047,1048,1049,1050,1051,1052,1053,1054,1055,1056,1057,1058,1059,1060,1061,1062,1063,1064"
    },
    {
      "type": "$mulu",
      "a": "179,180,181,182,183,184,185,186,187,188,189,190,191,192,193,194",
      "b": "163,164,165,166,167,168,169,170,171,172,173,174,175,176,177,178",
      "y": "131,132,133,134,135,136,137,138,139,140,141,142,143,144,145,146,147,148,149,150,151,152,153,154,155,156,157,158,159,160,161,162"
    },
    {
      "type": "$mulu",
      "a": "19,20,21,22,23,24,25,26,27,28,29,30,31,32,33,34",
      "b": "3,4,5,6,7,8,9,10,11,12,13,14,15,16,17,18",
      "y": "1001,1002,1003,1004,1005,1006,1007,1008,1009,1010,1011,1012,1013,1014,1015,1016,1017,1018,1019,1020,1021,1022,1023,1024,1025,1026,1027,1028,1029,1030,1031,1032"
    }
  ],
  "absy_cells": [],
  "dffs": [
    {
      "d": "3,4,5,6,7,8,9,10,11,12,13,14,15,16,17,18",
      "clk": "2",
      "q": "163,164,165,166,167,168,169,170,171,172,173,174,175,176,177,178"
    },
    {
      "d": "19,20,21,22,23,24,25,26,27,28,29,30,31,32,33,34",
      "clk": "2",
      "q": "179,180,181,182,183,184,185,186,187,188,189,190,191,192,193,194"
    },
    {
      "d": "35,36,37,38,39,40,41,42,43,44,45,46,47,48,49,50,51,52,53,54,55,56,57,58,59,60,61,62,63,64,65,66",
      "clk": "2",
      "q": "99,100,101,102,103,104,105,106,107,108,109,110,111,112,113,114,115,116,117,118,119,120,121,122,123,124,125,126,127,128,129,130"
    },
    {
      "d": "1001,1002,1003,1004,1005,1006,1007,1008,1009,1010,1011,1012,1013,1014,1015,1016,1017,1018,1019,1020,1021,1022,1023,1024,1025,1026,1027,1028,1029,1030,1031,1032",
      "clk": "2",
      "q": "131,132,133,134,135,136,137,138,139,140,141,142,143,144,145,146,147,148,149,150,151,152,153,154,155,156,157,158,159,160,161,162"
    }
  ],
  "instances": [],
  "instance_ports": [],
  "dsp48e2_unsigned_muladd_1_stage_26_17_48_bit": [
    {
      "value": 0,
      "clk": "2",
      "a": "19,20,21,22,23,24,25,26,27,28,29,30,31,32,33,34",
      "b": "3,4,5,6,7,8,9,10,11,12,13,14,15,16,17,18",
      "c": "35,36,37,38,39,40,41,42,43,44,45,46,47,48,49,50,51,52,53,54,55,56,57,58,59,60,61,62,63,64,65,66",
      "out": "67,68,69,70,71,72,73,74,75,76,77,78,79,80,81,82,83,84,85,86,87,88,89,90,91,92,93,94,95,96,97,98"
    }
  ]
}